nu = 0.1 
((7, 15), (2000, 0, 0.009462962271669586)) 
nu = 0.2 
((7, 57), (2000, 0, 0.0011092485527452649)) 
nu = 0.30000000000000004 
((6, 63), (2000, 0, 0.002675603376300553)) 
nu = 0.4 
((2, 48), (2000, 0, 0.002694803538992645)) 
nu = 0.5 
((3, 77), (2000, 0, 0.0023520883116610867)) 
nu = 0.6 
((6, 95), (2000, 0, 0.009664170910363538)) 
nu = 0.7000000000000001 
((6, 98), (2000, 0, 0.00910828903923429)) 
nu = 0.8 
((6, 16), (2000, 0, 0.00964051093885926)) 
nu = 0.9 
((5, 27), (2000, 0, 0.0024397637725814604)) 
nu = 1.0 
((6, 38), (2000, 0, 0.0019819109641169216)) 
